437.51
188.16
441.81
111.35
439.50
137.78
440.70
241.26
164.05
305.70
203.24
159.02
229.80
412.73
253.02
449.83
430.18
323.61
436.87
420.27
339.26
112.35
248.17
218.32
402.66
154.61
280.20
256.69
252.91
436.91
325.60
336.93
340.57
247.36
230.96
227.86
318.86
115.32
405.03
316.73
113.52
166.24
226.12
324.89
136.47
103.98
440.52
213.85
322.57
299.09
427.61
358.60
126.97
435.43
364.02
325.48
444.56
327.86
111.77
422.06
132.80
247.67
301.98
152.94
429.29
340.68
291.42
414.33
437.81
444.26
302.59
288.99
155.66
447.05
241.03
382.63
176.98
341.56
337.44
207.43
224.65
246.45
248.19
183.34
277.16
435.09
254.91
236.24
152.14
315.19
165.16
325.05
380.63
206.44
302.41
310.52
328.08
189.18
329.64
311.24
784.61
1463.01
879.18
1665.16
1261.83
658.02
1416.60
1561.64
813.68
1410.97
788.85
1488.18
1538.88
1607.19
1518.05
1372.35
765.12
775.12
1205.78
789.57
1701.87
1637.40
877.84
1214.93
811.62
1545.87
758.41
814.47
645.25
805.80
1469.68
975.20
1030.04
871.22
1403.42
731.87
1041.04
1446.03
1458.31
863.59
747.47
1008.71
1168.29
812.03
1003.84
1445.62
1613.28
1549.33
846.94
1464.29
851.47
1456.77
1048.02
1540.49
1226.97
790.79
1233.27
1217.13
784.38
779.88
1347.30
493.36
1171.02
916.01
1482.74
1404.41
717.26
728.50
1707.36
456.86
721.45
879.60
876.06
1193.07
1145.38
1408.57
1587.99
782.29
659.06
773.91
1567.93
1265.51
950.73
1703.05
960.77
1023.12
825.77
859.83
899.77
1425.52
1536.32
1303.34
968.08
570.53
503.24
1150.78
972.53
662.40
678.70
922.96
1912.75
1600.15
1576.62
950.16
1476.23
2023.41
1086.36
899.85
1177.04
1675.38
1584.41
1404.91
1533.18
1118.14
1725.52
1732.75
1515.60
1232.59
1775.86
1646.36
1054.55
1350.35
1957.57
1723.12
1678.99
1365.98
1340.28
1758.47
1110.92
1685.03
675.43
1591.37
1023.86
1633.15
1009.91
1725.89
1163.33
1662.88
1642.75
1640.88
1162.44
1523.27
789.75
1590.69
1750.41
1761.53
1965.06
1763.74
1526.63
1823.69
1321.40
1200.42
1891.34
1577.76
1836.97
1057.81
1448.25
868.64
1494.09
1236.05
1516.61
1698.18
1855.07
1289.41
1583.77
1795.44
1766.76
1311.23
1428.33
1947.85
1670.11
1603.03
1519.83
1187.55
1008.06
1025.31
1877.94
1386.26
1611.04
911.00
2022.05
1184.50
1552.55
2048.02
1512.19
1856.10
1825.55
1154.12
1673.09
1131.53
2009.38
1895.44
2061.40
1972.28
982.57
1450.06
1003.38
1877.52
1615.56
1678.48
1409.25
989.76
1354.17
863.17
1359.50
816.08
942.71
1440.14
1450.20
1594.50
992.04
1295.63
1070.68
1264.00
1246.26
936.30
1010.96
571.95
1118.20
1017.85
1523.91
832.20
754.38
1369.78
1453.80
1086.99
1282.39
1611.59
1179.45
1012.24
574.59
655.88
633.50
1832.08
1419.87
848.22
722.52
637.36
949.05
1078.61
728.28
882.03
1382.62
1370.91
990.20
1054.15
1325.28
645.27
874.06
1191.65
1787.84
1049.75
626.03
1183.90
580.98
707.50
1370.87
1443.57
554.24
692.93
719.79
1104.50
1798.42
1395.91
601.21
1676.36
1487.83
735.21
732.53
1158.44
1021.69
1077.02
1451.98
1405.36
1407.19
1092.68
1395.44
573.93
745.40
1237.13
823.83
975.68
1349.54
559.07
1157.99
719.09
1817.75
503.89
783.87
1383.80
632.23
958.61
646.23
1362.25
1786.94
1055.55
1392.86
802.65
1105.69
1692.17
914.70
603.82
873.65
1126.72
743.02
517.44
1035.61
855.70
549.92
1239.14
628.16
1080.71
786.52
1033.89
782.17
579.17
1279.61
570.85
1417.88
566.82
1127.70
515.57
757.88
893.48
728.25
811.79
1271.12
837.54
456.79
1384.07
486.93
731.84
1005.75
1042.88
754.01
1588.05
863.17
814.81
782.29
920.43
1053.60
886.56
472.60
643.16
518.74
1099.56
587.01
918.61
1207.63
641.16
294.25
291.58
339.88
663.07
1179.59
550.85
815.42
866.05
397.82
788.22
829.47
810.81
747.81
639.56
1075.05
435.10
857.36
1128.70
1192.24
311.25
795.14
916.24
1104.73
1022.87
569.74
812.67
1040.78
993.60
825.44
375.58
555.68
656.31
319.04
327.28
769.43
639.84
962.43
763.19
751.96
1041.73
396.75
572.28
386.69
804.81
330.57
306.13
1041.91
826.18
812.70
881.70
871.81
748.69
598.44
255.68
971.66
247.19
825.53
537.16
726.72
572.59
724.77
740.01
560.42
378.91
290.43
720.42
796.01
1172.82
743.81
408.45
906.53
848.76
1207.98
362.15
620.15
381.72
570.84
790.98
800.43
346.26
580.54
838.96
770.47
613.24
298.73
801.60
852.67
330.38
1076.78
551.77
843.81
997.30
704.02
261.02
406.65
343.58
1135.45
1109.54
368.83
802.64
1397.99
1111.92
1295.45
1400.12
1187.54
508.38
711.86
797.64
1000.32
1354.65
796.97
1212.32
902.09
731.01
1382.90
718.06
767.72
637.23
924.83
1339.01
418.43
604.58
870.10
1421.95
1233.10
708.28
1369.14
717.61
1200.04
604.79
662.30
1101.10
635.58
550.74
752.16
1408.18
1301.86
933.60
1040.23
1239.06
1417.76
894.81
1061.25
1431.58
731.68
1361.05
1255.49
1211.89
902.57
1171.05
1390.05
754.19
1550.74
1251.87
604.32
1332.27
833.12
598.11
818.40
1427.29
860.50
1068.03
1134.26
1502.63
1339.61
839.84
1019.87
1233.95
1364.56
639.82
1497.90
476.03
1203.47
504.32
824.58
1185.15
1287.30
742.74
1454.04
986.17
859.79
704.21
758.32
1396.87
884.13
714.00
1405.83
1263.38
771.58
1466.72
551.60
1020.83
714.69
1020.13
997.60
1137.54
625.82
1257.95
1336.01
784.37
1792.34
1912.26
2043.05
1884.23
1900.93
2034.69
2002.04
2023.20
1982.43
1879.60
2013.77
1986.47
1813.05
1936.09
1886.96
1966.86
1814.23
2014.26
1742.07
1897.26
1884.93
1817.77
1879.61
1937.01
1975.89
1894.31
1781.82
1917.01
1796.15
2009.09
1884.72
1862.72
1961.46
1981.06
2009.92
1759.28
1868.77
1995.44
1950.48
1818.56
1714.39
2052.48
1963.23
1806.67
1815.30
1981.15
1916.19
1759.27
2142.50
2075.71
1877.74
1938.35
1897.37
1904.51
2036.60
1863.80
2003.59
1942.35
1921.64
1901.92
1919.57
1919.45
1883.59
1881.49
1934.25
1874.39
1859.91
1911.10
2043.89
1873.86
2136.53
1872.96
1937.27
1986.09
1872.90
2049.62
1862.80
1997.22
1959.38
1919.78
1948.84
1795.29
1846.52
1918.75
1896.99
1866.86
1961.77
1835.55
1910.60
1987.59
1890.10
1984.44
2098.05
1853.26
1998.34
1802.32
1990.15
2027.19
1866.90
1899.59
1356.59
1175.90
993.91
1873.84
1380.20
837.12
1266.79
1375.99
615.92
1179.31
2114.76
1494.65
1941.53
1832.85
1513.08
2012.12
1718.02
1795.39
1780.76
1439.95
1410.45
2124.66
1761.99
1832.04
1527.18
1414.70
1595.98
796.46
1986.42
1562.28
1703.23
1592.81
1805.66
1030.10
1459.05
2043.37
650.80
1862.37
1671.57
366.67
1983.23
1972.35
1147.57
707.69
1328.08
1539.49
1885.83
768.21
1591.75
1454.22
1513.27
1374.25
1221.75
2068.84
1624.22
971.20
1482.42
1876.25
1299.93
1851.34
1347.35
998.95
647.21
97.98
1360.02
1275.58
1212.46
1995.97
1371.49
790.63
1496.76
1361.01
1202.31
480.66
1525.69
1576.13
1556.28
1664.70
576.83
1544.81
1193.45
949.89
1445.25
1845.66
559.33
1714.50
1378.71
1770.10
951.73
1722.68
2159.19
706.24
1308.14
1390.45
1470.55
1732.67
1831.56
1293.73
1035.18
1127.15
1518.05
1891.26
1598.83
1744.80
1890.58
1816.22
1896.88
1895.34
1296.31
1682.58
1405.31
1075.77
1029.57
1413.86
1517.90
1321.93
1494.73
1452.00
1452.62
1631.90
882.48
1548.59
1817.46
1231.65
1205.62
2115.26
1143.84
1725.93
1499.08
1865.46
507.49
1430.05
1396.07
1014.38
539.22
1454.54
1130.94
1147.78
1741.22
1246.76
767.04
1391.47
833.08
1802.84
1085.13
1980.93
1956.13
1181.55
812.43
1778.27
1664.20
1564.92
1937.25
2090.01
1529.29
691.27
1580.13
683.35
1224.01
1831.18
1873.13
683.03
576.26
1410.05
1579.52
1109.89
819.57
1675.22
1471.30
2046.77
1786.13
1850.13
954.67
1946.83
1309.78
1434.53
1753.33
1933.22
1713.62
1667.97
1039.30
1809.57
1872.02
1582.57
1617.91
1510.07
573.26
1049.78
766.38
1425.67
1971.79
1852.10
1329.15
1378.64
1078.58
1458.61
1731.41
1771.86
1324.52
1730.86
1493.86
1386.30
1892.30
1511.93
1034.73
1697.18
1382.45
1571.34
1645.23
1970.94
1508.04
1597.17
1712.80
1502.17
1665.51
2192.56
1836.33
1923.12
1509.23
1091.46
1049.56
2104.67
1913.71
2006.41
1319.39
1691.43
924.54
492.32
1426.16
1634.16
1218.93
1029.38
1161.03
1869.59
1942.75
1587.22
1649.52
1992.23
2028.70
1699.01
1469.59
1604.91
1813.36
1516.31
2031.91
1581.46
1316.43
1921.65
1718.33
1903.61
644.93
840.92
1957.29
1566.47
1716.12
2118.52
1566.83
1883.09
1670.11
2039.87
1228.15
1779.59
808.75
1523.29
1649.53
1723.91
1266.16
1501.42
1055.11
1883.24
1626.13
813.55
1577.30
1754.04
750.73
1180.87
1673.54
1873.35
1882.70
1443.22
893.32
1010.55
987.26
1483.53
1311.60
851.62
1825.11
1056.75
1114.42
1802.88
1526.97
993.41
1766.86
1272.90
1088.18
1548.97
630.90
1264.73
1144.73
1733.85
746.62
1257.44
885.48
1853.54
1461.27
1479.79
1389.56
1753.89
852.06
1912.10
1720.28
1009.35
1112.43
1633.28
1619.64
1290.71
1559.19
1842.95
1653.76
1611.80
1456.84
1811.08
653.22
1355.23
1247.79
1590.49
1195.46
1546.38
1815.55
930.53
1478.17
1203.96
1776.28
1625.11
1339.69
585.58
1136.66
1992.07
1436.86
779.30
1776.73
1410.97
1175.53
1691.81
1443.42
1419.50
514.57
1067.15
1822.48
1710.03
952.58
952.27
1910.86
1127.98
1432.89
1763.08
1643.34
1423.15
840.02
1785.48
1667.40
1838.09
1859.30
1433.68
1457.69
1614.09
1865.09
809.13
1448.71
1626.66
1486.57
1422.03
1791.39
703.95
1621.69
1428.30
1884.75
1813.10
1571.40
1634.61
1461.96
1904.51
1686.79
993.05
1006.28
1322.47
1270.39
1466.51
1769.06
1991.06
1492.05
1257.02
1261.63
1120.38
1563.91
1187.80
1851.68
1774.17
1750.95
1232.65
1685.84
1633.50
228.17
2095.16
1360.12
1681.24
1610.07
1834.25
1923.55
867.57
615.18
1191.42
706.45
1865.15
1821.23
1884.96
463.64
1384.51
1597.74
1541.55
1576.30
1486.64
1146.81
1782.19
987.98
1653.16
1711.70
1517.14
1931.42
1679.87
707.82
1666.60
656.73
1630.74
1785.84
1795.83
855.81
1488.02
1226.89
933.33
1629.24
904.45
1617.77
1504.03
1662.42
1992.83
1816.88
1490.05
1103.92
1157.00
1739.71
1243.00
1503.17
1393.76
737.57
1055.60
1301.48
1034.62
1786.72
1299.30
2062.84
426.43
1888.20
1451.05
1858.84
1646.41
406.85
839.02
1772.24
552.94
1012.65
1539.03
1486.85
1734.26
1398.68
1744.00
1277.69
1790.95
843.03
1501.92
1465.99
1074.72
1511.34
1618.35
1684.48
495.03
1068.24
670.24
1419.81
1534.79
971.23
1206.81
848.95
1064.25
1186.30
1570.54
1937.91
1956.77
1974.07
1370.23
1959.91
1779.63
1014.55
1287.20
850.00
1134.19
1467.66
1243.84
1870.79
1798.94
1550.23
719.87
1707.96
1124.76
1684.94
1770.42
2008.34
1206.21
1768.33
873.46
1570.76
1320.32
1041.44
1731.92
1474.35
1686.92
1789.69
873.14
1185.18
1524.15
734.73
1541.14
1336.85
852.74
1870.36
1431.26
2069.50
1221.77
491.78
1120.05
1485.43
1893.42
1805.85
1747.21
1351.21
1389.78
1678.57
1690.12
1408.34
1366.77
1961.83
1357.87
1652.26
1439.18
1714.30
1826.30
1803.77
1854.88
1277.85
1143.89
1172.68
1350.49
1581.44
1016.98
1841.99
1529.58
894.59
1493.97
1901.62
1477.27
1092.38
769.98
1482.35
1197.15
844.26
1408.41
841.43
1429.06
1193.43
1300.00
1629.19
990.32
1373.83
1177.41
1157.40
1464.44
1664.36
758.65
1702.00
1145.91
458.44
1293.87
865.64
1476.44
1008.64
1658.40
1279.69
1419.15
1185.22
1761.95
1111.92
1556.13
1207.57
1615.10
1927.69
2172.77
1684.58
1246.46
545.99
1795.98
1544.45
1444.63
1364.11
1617.81
1901.20
1453.87
1455.30
1481.75
1065.59
2174.29
1755.31
1951.50
1138.82
1401.72
1605.44
1590.16
1459.92
634.75
1897.14
1494.84
1855.28
1353.94
987.86
1807.12
1808.42
1383.94
1968.52
1481.45
1579.23
724.38
1517.92
2121.07
1475.93
1674.81
1984.79
1646.11
1412.37
1928.76
1488.99
1523.64
1493.40
1584.86
1666.93
2150.20
889.01
765.38
1726.68
1492.45
1215.68
368.47
1391.72
822.39
971.40
1901.83
863.57
1558.49
1743.29
1707.93
1389.70
1879.09
1321.89
1044.31
1402.72
1893.80
1500.61
1700.83
1629.97
1360.14
960.87
1579.13
1540.60
1303.71
1388.03
1705.86
1583.81
1182.59
1654.51
1401.31
1607.29
1822.01
1102.22
1910.30
1468.54
1796.30
999.92
1904.12
1608.14
2006.70
1341.38
1048.88
1988.64
1811.35
1529.96
942.90
1442.85
1877.65
1543.13
1551.25
1424.79
390.61
1706.36
1006.20
1231.79
1337.43
2173.09
1192.59
1418.72
1609.61
1098.16
629.16
1380.68
1404.39
1416.48
1581.66
1059.01
1060.92
1378.48
1499.89
1508.75
1392.43
1870.03
1549.81
1195.40
1037.68
1493.46
1773.09
1652.93
1351.06
1490.82
724.31
1522.90
1072.87
689.10
1287.30
1700.74
1533.96
1752.36
1294.85
1728.46
920.36
1570.43
1935.63
1107.44
2052.60
1291.07
1877.95
685.52
601.16
1529.65
1100.61
1739.58
1179.04
1801.55
1633.89
1413.22
1662.05
1204.78
907.14
1775.24
1758.03
585.32
1167.41
745.48
1097.35
859.61
1497.68
1459.03
1577.85
1903.66
713.60
839.99
512.98
1374.89
1094.65
1560.46
962.48
2121.56
1611.94
250.87
1497.63
1238.19
674.39
1201.04
1404.04
910.54
1790.85
1787.86
1740.17
880.03
418.26
1452.62
1145.40
1581.36
1479.43
1137.49
1609.61
442.96
621.15
1675.09
1715.45
728.43
843.33
1167.16
1389.80
1452.28
1390.52
1792.01
406.95
1404.76
860.47
1521.57
1671.43
1816.22
1609.39
1518.58
1852.54
1458.39
2003.62
1263.83
1643.92
974.97
1484.32
1310.60
820.11
1642.40
1680.24
1598.07
1727.70
1430.31
1648.39
1403.34
1138.37
1374.12
1243.64
916.42
1722.56
1595.83
1485.89
1332.05
2104.48
1833.98
1729.51
431.98
1172.05
1280.12
2086.70
1514.63
1027.53
1465.12
864.55
1898.47
1639.81
2141.97
1620.53
1432.00
957.52
2005.77
1728.90
500.74
1339.34
877.01
1372.13
1557.13
1498.45
1445.02
1537.55
1475.88
1862.82
1327.44
1122.46
1439.07
1650.33
804.14
1487.13
1559.20
1005.80
590.76
723.41
1370.43
1034.29
1651.86
1031.03
1839.01
1558.40
587.56
1561.53
1507.94
1419.52
1307.14
1318.27
1815.21
1546.30
1889.32
2065.72
1902.06
1648.84
1359.45
1143.90
1458.13
1451.29
1771.47
1702.43
560.80
1875.73
1915.52
1811.07
1720.56
1303.84
1347.43
1113.21
1220.00
1794.72
739.72
303.89
1045.94
485.42
1318.10
984.65
907.42
670.72
895.88
1632.45
1180.24
628.57
1125.05
1739.04
855.30
1817.60
1924.70
1483.34
1700.32
376.15
1445.34
1487.05
853.51
1300.42
1390.00
1200.74
1988.91
1334.38
1550.65
708.99
2167.81
1203.62
1947.94
1134.70
1371.66
1317.39
1677.39
727.46
1359.45
443.16
1483.12
1757.70
1868.13
396.28
1749.65
630.15
1062.54
1094.27
1183.95
1672.18
1373.62
1453.77
1632.78
885.79
688.71
1191.40
1948.50
1843.84
1170.85
2011.56
1901.42
1585.89
1012.02
1569.66
1502.67
770.13
1615.72
1205.64
1769.66
1325.81
1449.37
1715.28
1535.72
1374.75
1715.38
1805.57
1691.57
1420.79
1211.51
1579.95
1782.20
1008.02
1562.31
1111.20
883.03
1745.39
1650.18
1907.89
1017.57
1131.03
1177.57
1092.30
1680.59
1266.82
2008.30
556.90
1409.76
1468.07
1286.89
1455.78
1800.27
1927.54
1553.77
1227.36
1304.23
1817.96
1944.35
389.25
1994.84
811.74
895.30
1794.49
936.43
1471.36
533.87
1942.98
1558.48
1958.17
2029.45
1311.74
1632.94
1528.67
1996.87
1646.74
1466.40
859.71
877.07
1598.25
727.77
1584.47
1421.72
1326.44
2165.81
1601.68
1600.73
1585.00
1108.55
1745.81
1796.03
1891.98
556.09
1058.46
1005.80
1484.28
1896.20
1711.11
1506.05
1982.94
1656.63
1393.31
1607.04
1775.24
1557.26
1883.77
1040.42
1362.58
961.49
1716.18
1674.99
1733.90
606.08
1377.83
806.49
1168.15
1235.66
1272.54
543.95
1452.49
1387.60
1652.09
1149.27
678.05
1038.07
1674.50
559.84
665.14
1417.74
1760.05
1239.85
1798.95
1419.35
1763.19
1592.04
1603.25
1598.97
1362.19
1772.47
1627.91
1295.20
723.77
1106.77
1147.86
1422.14
547.34
1506.13
1861.63
1758.21
1413.06
1532.53
915.19
1725.93
2097.03
1399.59
1222.36
1764.23
1166.59
1285.98
1473.80
1629.44
944.66
1215.56
1920.57
1770.73
1919.32
1407.43
1649.80
1852.38
1655.22
1932.74
1833.79
1627.36
1692.02
1400.01
1792.50
1365.19
1583.37
1330.11
1438.50
1559.84
1456.37
936.11
633.05
1720.43
1558.64
1157.35
1110.83
1146.57
1457.86
1268.68
530.64
728.32
1576.35
1776.73
1544.30
1487.43
1982.31
1962.01
1946.15
1281.88
1529.04
971.69
1332.47
989.35
1831.77
598.32
1698.34
1046.71
1716.33
1847.45
1322.78
1627.37
862.44
1509.62
1719.28
488.20
1341.28
1234.88
1461.71
1448.33
1579.08
778.06
1431.14
1451.57
190.80
729.19
1874.93
1526.00
804.45
1176.55
1811.50
633.13
667.68
1742.89
1739.12
1681.56
1867.20
1904.70
1295.85
1517.41
1255.26
1870.26
1696.01
1540.86
1623.57
1968.44
627.93
1752.19
1182.03
1477.18
1535.00
822.36
1204.75
1606.60
1452.21
893.33
1486.67
1869.58
1482.18
885.61
1500.71
1368.36
1644.53
1898.19
1819.62
646.51
207.60
934.13
1668.52
1756.23
1821.31
1657.27
1583.62
1775.89
1655.23
1726.49
592.84
1693.14
1881.45
1572.12
1739.71
1915.26
1360.65
1909.94
1520.91
1271.20
1374.29
1020.57
1656.43
1521.13
1826.81
1102.43
1476.29
285.94
1937.37
1488.20
1389.15
494.54
846.79
1890.01
1599.75
1742.29
1045.60
1789.86
1414.42
866.30
1831.48
1244.84
961.21
605.23
1222.22
1940.63
1974.28
1377.52
603.80
1210.81
1081.71
980.12
1697.64
1212.50
1400.93
1376.74
1456.54
1374.42
1833.30
861.78
1416.15
1767.73
1655.72
388.74
1935.50
1468.41
2153.64
1794.87
891.40
1101.42
681.97
1670.62
1739.78
804.26
1043.97
1724.00
603.90
982.73
650.12
1593.23
1501.95
2152.18
881.86
1132.15
1193.70
1596.76
1901.64
629.82
1925.69
1434.33
1486.41
668.81
1734.98
1570.78
1910.89
1781.38
707.39
1588.96
1138.08
1941.89
1374.30
1634.95
1736.18
751.63
1115.73
1027.36
926.77
1375.57
1495.38
1718.55
1444.42
1390.14
1490.65
1272.98
1410.81
1409.01
1983.72
1043.05
1818.52
1623.17
1684.05
1438.14
1019.38
1514.96
1949.48
1741.90
886.96
1462.63
1472.08
1978.30
1573.75
1615.38
1822.96
1421.59
1534.04
1646.26
1814.88
1159.90
1512.34
866.05
1724.07
1815.74
473.86
1617.39
1709.04
1892.28
1398.96
1343.97
815.39
1088.61
1822.88
1050.63
1780.36
1243.06
841.33
1464.24
1576.70
1232.34
1829.68
1230.49
433.59
906.96
1791.15
2034.23
1805.75
1600.85
2006.68
1294.74
1550.29
1751.06
1658.97
1372.06
1497.75
1443.00
1675.91
971.88
1539.00
1567.09
1105.33
835.58
622.22
1736.88
1260.28
1488.44
766.21
1142.16
1491.14
1609.10
1124.91
1342.83
1718.98
788.04
1892.41
1049.03
819.29
1729.05
991.60
1652.70
1902.16
1084.48
1764.72
1947.64
1860.44
701.52
411.14
909.03
1518.98
1784.06
597.11
1795.89
1844.07
1259.16
1665.38
887.69
687.69
1678.06
785.71
110.20
1303.78
1845.50
1669.08
1647.34
1915.01
1686.07
2039.37
1697.02
1449.84
1338.20
1727.62
787.19
1493.58
1512.53
1799.74
1176.25
1654.84
1242.33
1596.77
1590.93
1437.15
1452.02
1099.83
1782.02
1034.39
1765.02
2083.20
762.78
1896.38
76.59
1908.67
1298.13
1698.82
1768.47
1060.81
1858.55
2012.54
1590.03
1647.86
539.28
1500.29
1673.96
1518.10
1359.39
1748.20
985.99
1909.84
1659.59
1229.32
204.97
1940.08
456.82
326.53
1216.64
892.50
1820.02
1797.86
1480.58
1838.22
1593.86
1400.44
1289.27
1053.04
792.10
1799.15
1209.45
1622.70
1266.03
1437.00
1622.78
1668.52
1496.67
740.05
1475.67
1460.03
1884.35
961.31
644.27
1180.28
1183.85
1378.19
907.21
1660.66
1532.96
1842.26
847.79
1688.61
741.19
2004.00
2012.97
1495.02
1181.21
1465.70
884.02
1987.67
1322.02
901.61
1664.68
1004.50
869.41
581.79
868.25
511.50
1905.15
1882.01
1668.58
1341.19
1165.21
492.87
1554.36
1811.47
1106.55
426.05
1573.94
1590.71
536.49
1408.67
838.07
957.90
1257.81
2075.77
954.94
384.36
1242.57
1913.93
1356.39
1908.96
1924.91
1368.70
1613.47
1947.63
1270.65
859.73
1029.73
1724.44
1343.20
1652.70
970.37
1570.44
2035.39
1644.31
1186.46
1902.30
1841.53
1390.87
1727.17
1508.76
1050.37
1808.61
1361.65
1313.26
1489.48
1735.81
1460.02
591.32
1509.88
866.24
985.68
207.80
1677.33
1811.07
1743.05
1197.32
1462.66
1773.56
1882.12
1657.47
1205.26
1439.09
747.20
1868.15
1819.68
1122.97
1840.35
1267.76
1728.42
1891.18
1647.08
706.15
989.60
1518.38
1814.55
1482.45
1191.79
1539.95
1351.19
1154.87
1830.04
1549.70
1841.91
1551.30
937.11
1858.92
1390.60
1671.52
952.73
1384.78
1042.88
967.39
1444.78
1673.19
1474.89
1447.81
1909.58
1212.80
800.26
860.95
1794.49
1631.10
1701.90
1399.41
1306.61
1363.16
720.20
1999.87
1119.26
1976.30
979.62
1586.44
580.63
1396.87
1228.81
888.49
407.76
1670.55
1765.23
633.50
1191.97
2094.60
1904.03
1157.38
1813.22
1442.91
1553.18
1647.87
1544.86
2181.36
1086.63
663.21
2009.64
1600.58
1505.19
1825.66
2201.30
1506.29
1684.61
1612.51
1403.23
1205.04
1289.51
1256.47
1513.97
1507.39
1966.76
1543.90
1547.22
1624.32
1673.01
1215.47
1771.26
1084.28
1393.01
1441.29
1647.22
2053.89
617.47
1094.18
1343.76
1994.07
1809.11
1189.10
1957.36
1657.94
1676.29
1820.98
877.70
853.56
1769.83
273.81
1844.98
1958.23
1920.36
1779.94
1457.65
1525.96
1491.57
1840.76
201.39
1667.55
1195.54
1186.55
1918.34
1336.06
1233.55
1525.59
1648.52
1692.27
1447.84
1573.84
1373.86
1890.62
919.51
1335.96
1119.13
1122.73
672.12
699.11
886.94
1627.36
446.88
1475.90
862.23
1485.38
1916.70
1882.59
1305.34
1911.29
1487.64
1385.34
1753.95
1904.59
1109.62
533.41
1062.05
1695.69
1631.62
1931.64
1935.04
627.91
478.56
1796.73
1129.67
1822.65
920.43
1819.34
1119.74
1649.66
1240.67
1094.56
1360.65
1423.69
1925.92
1237.49
2005.07
1485.05
1424.39
1641.67
1632.41
1943.23
1755.00
1439.66
1208.35
2076.94
1117.52
759.65
1613.67
1281.81
1658.02
899.76
1353.88
1220.71
1668.99
1679.22
1889.64
1314.77
1485.02
1508.43
549.76
1679.57
1528.26
1859.07
1927.30
490.28
559.04
1576.50
1832.03
1149.48
1869.99
783.19
1175.84
1356.72
720.16
2193.86
1411.98
1000.12
1812.24
1880.21
1491.18
982.69
742.23
1467.22
1603.02
1819.88
1513.70
1677.16
1658.29
1125.89
1898.32
1648.63
1394.75
1881.65
298.17
1725.01
1331.76
1731.38
591.79
774.11
1931.26
1774.62
1222.86
902.24
1584.17
1895.67
1693.65
1354.73
1709.05
1670.72
1256.07
1676.28
1629.23
1533.43
1170.73
1337.17
868.94
1790.00
1861.24
1612.80
1984.75
2111.94
1637.69
1649.58
1628.53
743.35
840.68
1511.56
823.75
1475.56
1460.79
1874.32
962.79
1665.98
1684.63
1598.35
1665.27
1471.34
1869.13
416.12
1021.84
696.43
1445.98
791.18
1913.30
1722.24
2176.32
1625.39
1319.10
1054.41
459.70
847.27
1701.26
1496.36
1642.89
1015.38
764.18
1415.12
1333.66
1619.50
923.92
769.84
1569.55
1472.18
1927.64
967.24
1309.94
474.13
624.43
1718.44
1426.93
1816.49
1493.59
1652.66
1455.98
1870.58
1862.08
1130.71
1936.15
1449.96
1407.67
877.79
1460.20
1590.80
360.25
1845.36
1934.05
1184.45
1416.73
963.44
1745.87
1193.69
1573.55
1467.35
1452.76
683.70
1696.61
1598.55
1682.13
1021.96
1075.71
1943.05
751.05
1799.70
1955.36
985.35
1376.54
1950.58
1580.17
839.03
1843.41
1175.25
1242.78
1217.56
1774.26
1032.60
1327.16
2005.99
1566.52
1198.16
1627.69
1713.22
1406.28
945.47
1567.75
1195.13
757.90
1230.24
1382.21
328.17
1640.96
436.05
1525.56
1292.35
1769.94
1689.63
1652.01
1479.37
1503.75
398.09
890.73
1563.63
1879.58
1181.18
1623.16
1935.81
1609.41
1354.05
1496.29
1168.01
1372.69
406.35
2262.05
1400.88
833.97
820.65
695.90
1846.81
1450.04
1400.43
1951.60
1816.11
1383.46
1639.34
1467.11
1032.99
1858.89
1635.47
1649.21
1641.84
1508.91
1996.03
1525.01
1735.34
1000.30
867.40
1724.07
1853.47
1334.84
1033.73
2051.06
1492.96
1648.53
1651.08
1641.12
1465.65
1057.54
1577.30
1331.72
1916.45
1241.47
1848.12
1566.08
1668.92
2116.21
1332.00
1495.29
1684.74
1583.51
1445.07
875.01
1031.27
1679.17
1460.16
1784.96
1560.72
1263.43
907.01
1156.84
959.31
1872.62
1493.20
1234.26
1803.48
1318.08
1759.88
2027.05
1885.89
1641.68
1492.61
1680.91
1179.63
565.91
1708.70
2025.84
1821.46
1792.80
2273.53
1574.91
1840.94
1224.46
948.18
1344.37
1648.06
1592.20
1655.45
1178.71
1688.90
1555.69
889.78
1787.40
1462.63
1928.55
2138.14
1225.45
862.87
1498.75
1882.15
1740.10
1652.28
935.91
1975.55
1789.11
1947.98
1299.74
1617.00
1985.91
407.01
600.18
1351.74
851.49
1391.80
1121.97
1754.88
1130.81
1192.21
1208.05
1195.97
1717.57
1702.34
1357.54
1198.62
1690.47
1643.38
1565.00
923.00
1969.34
1461.05
1465.06
1304.92
1412.62
1695.85
1279.06
1168.47
392.84
967.14
1514.60
836.25
1456.32
1509.95
1656.81
1979.74
1892.64
1766.74
1476.52
1748.86
1481.44
1942.91
1451.76
1577.32
1804.15
1978.03
1472.36
1744.50
1552.65
1573.04
1863.46
1079.90
1083.75
2050.61
2003.85
1484.97
955.56
1676.48
2054.10
1546.54
1651.86
1594.56
1986.04
964.74
1632.57
693.64
1223.62
1618.18
759.21
1447.55
1606.18
1879.15
1778.88
1493.31
1126.31
1092.65
1379.66
1891.66
1863.98
1452.17
1782.30
1336.60
920.04
1593.47
1235.21
1536.96
1229.79
1512.01
1819.56
1925.72
1997.09
1469.61
839.76
1841.75
1196.37
1712.33
1421.12
1711.04
1244.76
985.53
1220.07
1677.99
1398.04
1599.29
1004.35
1651.31
1683.74
1741.11
2049.07
1653.43
431.34
1389.04
1111.40
1393.20
2189.91
859.82
1626.39
1858.14
1112.08
1282.81
1742.90
1770.47
1550.82
1676.58
544.52
790.07
1224.84
1564.49
1513.27
1608.98
1640.05
1606.73
1437.14
1312.84
763.72
1702.58
1878.14
1919.76
1956.11
1754.62
1488.78
900.23
953.42
1727.89
831.75
1431.60
1518.24
1635.68
896.21
1496.29
2000.98
950.27
1790.26
834.59
1006.31
1794.24
1326.00
1768.99
1876.10
1609.51
981.78
1488.44
947.71
1439.07
1584.78
1198.81
1635.65
1311.69
944.30
782.42
1526.25
1004.23
1849.24
1265.32
1258.04
1729.07
1503.51
812.11
1192.34
1508.30
874.14
588.52
671.63
432.94
1393.23
1788.01
696.90
1646.05
1566.86
1721.46
1565.86
1823.38
1929.45
839.92
1340.46
2175.90
1521.86
1738.43
1367.86
1350.73
1624.01
1325.42
1374.58
1046.55
1552.63
1604.94
1460.24
1206.69
1696.99
787.01
1120.91
944.88
1686.34
1032.26
1387.33
903.38
924.83
1401.44
1068.19
954.32
478.61
1784.50
972.66
894.69
1847.28
784.28
2016.24
1398.77
1626.11
1838.09
1402.53
872.28
1790.77
1861.58
1843.47
635.18
1022.01
906.77
1626.99
540.41
1502.69
1637.77
1505.87
1841.72
1133.08
1077.32
1717.07
1559.25
1993.87
2005.26
1497.37
1685.47
1715.06
687.93
1633.52
1038.09
1717.42
1031.35
264.85
795.78
1278.82
1760.39
1884.73
931.58
1419.72
1353.97
881.56
1356.63
1679.10
1471.99
1648.87
1864.56
705.59
1605.50
792.78
1777.06
1103.01
1274.08
982.67
2000.31
1330.73
1230.25
1944.82
1624.81
1208.25
1799.11
1598.90
1453.60
2078.17
1752.59
1112.58
1520.67
1391.55
1480.73
1215.48
1720.99
1134.13
1617.55
1608.03
1889.74
1887.00
2149.82
2078.51
773.20
1497.82
1848.94
1513.94
639.97
686.54
1097.69
2034.61
1401.83
1477.53
1753.57
801.50
1596.72
1576.64
1744.92
560.17
942.58
1717.42
1564.66
892.23
1115.26
1946.20
1805.64
1733.29
1748.50
1232.27
568.31
1930.12
1446.16
1188.67
2181.65
1408.11
1743.18
1284.52
1600.49
1789.87
1914.18
1871.29
860.71
1652.42
1317.60
1709.92
1768.38
1435.12
1759.61
1462.42
1660.78
874.99
774.49
1164.25
1316.01
1759.12
1120.70
1923.29
1328.09
1396.37
1491.49
1445.75
1415.63
1247.84
1991.57
1888.53
1242.63
837.54
1077.15
1431.79
2145.46
850.51
1816.78
1342.83
2126.49
1520.87
1994.01
693.46
1645.04
1438.59
1144.79
1493.01
1103.82
968.56
1555.68
1233.31
1731.20
1527.90
1497.56
1643.47
1449.37
1495.51
1411.71
2197.86
1508.34
1575.58
1051.97
1162.18
1814.19
1600.39
1544.48
753.18
1423.45
1812.96
1641.69
1838.58
2035.95
824.97
1492.66
1722.36
1596.99
1008.31
1985.85
666.64
1565.93
1621.54
1534.02
1268.27
823.64
1062.77
1718.14
978.27
1617.03
1761.60
1468.06
1766.34
1315.19
1862.22
1625.33
1610.62
1771.68
414.82
1335.61
1084.35
1811.44
1862.32
565.15
1217.48
1395.84
1677.80
1921.48
1290.13
1852.44
1842.52
1069.37
1571.04
2000.10
1543.45
1541.97
1446.49
1231.60
1884.53
1179.67
1313.16
1415.82
1855.62
1434.36
709.30
1319.68
1885.18
919.35
1428.15
1582.67
1400.27
1447.87
916.09
741.65
1743.45
1698.53
1258.01
1224.29
1883.13
1529.98
1886.45
579.45
1548.58
804.88
1167.82
1441.03
829.22
837.15
1444.94
693.48
1843.01
1301.14
1313.65
1849.81
1352.46
1530.62
1481.39
1395.85
1279.48
1397.66
1391.95
1617.84
931.75
610.17
1009.01
552.16
2076.43
1732.15
1308.33
1251.02
467.86
1116.83
1420.23
1405.55
1143.23
2200.89
1375.60
1371.85
1505.19
1795.59
1728.36
1607.60
1765.74
1320.09
1799.22
1994.53
1492.21
1587.82
1551.89
705.33
1735.09
1239.38
1108.45
1858.76
1904.45
1870.93
1206.72
1675.43
870.02
834.92
1872.78
1252.62
1742.23
464.75
1409.48
1833.81
1013.43
1595.66
1741.76
1956.55
180.60
1374.79
2026.59
1993.80
767.95
1415.97
1628.09
1821.32
1719.25
1994.45
1402.60
1532.51
776.33
1561.59
949.27
797.14
1527.77
179.85
1859.88
684.29
640.50
1576.26
1361.74
2030.90
1327.09
1933.74
1945.13
825.10
1953.40
1558.60
2023.25
654.98
710.01
1630.31
1699.37
1630.16
598.41
1714.68
2170.12
1076.48
1169.33
741.64
1723.17
1770.23
1712.13
2113.44
1667.79
1487.01
508.96
1074.07
1755.17
2073.27
1772.99
1896.24
803.76
1663.76
1398.43
1939.37
1335.69
1344.61
1684.13
1791.05
862.69
1808.02
1332.36
1517.61
1714.20
1377.29
1275.09
1423.85
1986.63
777.15
885.42
2045.80
1816.58
621.13
1529.45
1528.96
1524.74
1878.54
1746.96
1294.46
926.67
1692.85
1525.16
1612.85
617.39
1452.80
939.47
1418.15
1398.63
1513.33
1923.59
1666.03
895.24
1669.05
1617.88
1181.00
1310.38
1796.37
1767.31
1534.52
1794.32
1498.99
2008.44
1721.93
1831.00
1828.42
1229.56
1372.14
1594.02
1275.24
1711.99
1716.60
1837.00
1523.23
1638.83
1989.22
687.22
1307.53
700.25
1720.07
1621.01
1638.92
1384.43
686.46
1373.01
1338.35
1483.34
1273.02
1762.75
1903.91
1167.79
1904.68
678.87
1576.70
920.79
1568.58
1184.35
1101.60
1665.92
1461.40
1191.57
596.09
1479.25
1442.48
1434.56
1630.88
1680.99
1488.73
1648.86
1714.90
1509.70
1564.69
1354.91
1276.13
1502.75
2000.09
848.36
896.23
1843.03
707.06
1842.23
1498.75
1450.55
1412.42
1751.36
1333.95
1857.35
1773.42
1015.07
1791.21
1189.79
715.97
1335.56
879.70
1860.66
1867.82
1533.57
1455.17
1662.87
285.25
1604.89
1210.98
1133.68
1763.40
1083.26
846.52
1746.02
807.38
1240.63
1716.61
643.28
1460.93
639.17
639.27
1426.87
1757.63
1183.40
1644.72
1562.10
1166.64
1922.63
1623.07
1634.23
1622.52
1381.28
1500.50
722.17
1789.01
1829.35
732.85
762.01
896.69
1687.55
1803.03
1116.81
2018.00
1243.04
1243.34
1907.11
1189.18
1979.03
825.61
1454.35
1579.80
906.27
1934.24
1331.62
1174.41
1704.30
1396.73
1029.97
1853.34
2032.81
1551.79
1626.62
1280.40
1122.97
1336.86
1599.13
1378.56
1999.67
1574.64
1397.67
1253.36
840.68
1807.10
1616.71
1194.65
1460.15
1859.90
2145.44
747.27
1825.82
1581.34
801.08
297.14
1509.62
1436.49
1346.93
1077.75
796.67
1655.40
1779.19
1461.09
1727.24
1495.09
1367.48
1020.53
1573.90
1010.83
1177.41
1433.14
1123.38
1052.47
726.19
1006.61
1824.53
2073.55
1612.78
1952.58
1195.28
1665.51
1699.12
1098.89
1423.47
2000.94
1229.72
1695.51
1645.93
2124.78
1536.73
1478.04
1429.01
1957.16
946.50
901.60
1480.94
1589.51
970.75
1050.86
1055.95
1182.57
1803.73
1341.03
1331.83
1790.97
1522.03
1669.61
251.58
356.52
1918.25
1687.60
982.20
1888.75
839.78
1103.24
684.85
1643.43
1225.93
2029.30
794.59
1636.60
1402.04
718.41
1842.00
1178.63
593.31
1299.23
1784.14
1633.30
1300.21
1913.83
1396.63
611.74
1808.70
2011.74
1413.36
2005.96
1228.78
2172.24
1223.38
1746.03
1065.27
1429.17
972.04
1217.34
1561.22
1487.62
1330.71
1488.11
684.50
840.02
1530.95
1343.95
1782.95
1986.97
1597.67
768.24
1349.59
1076.92
796.49
1659.73
845.02
1468.42
1391.65
1398.66
1370.54
1692.10
988.72
953.19
1793.12
1378.06
1876.50
995.17
876.89
1815.35
1052.97
1324.26
1668.96
1598.21
1330.08
191.98
1835.70
1306.44
1893.68
1301.58
1544.13
1236.96
2013.07
1794.96
1700.22
1593.03
1798.77
758.01
1957.03
1560.63
1489.30
1801.97
1728.24
1490.38
1427.71
1891.78
1710.45
1105.60
1648.83
1363.92
846.53
854.03
1506.35
2029.34
1221.80
759.69
1600.97
743.32
1598.88
1274.73
1115.60
1546.94
1503.16
1500.85
980.43
1705.91
1263.53
1083.28
999.41
1504.24
1589.33
1491.61
1044.14
1318.09
897.37
1849.25
1238.44
1714.13
1134.60
2132.83
1885.59
1230.33
1904.11
1276.13
1731.85
1477.84
1255.52
1394.36
1602.72
1318.74
685.68
1602.42
1436.53
990.75
2021.38
1331.13
1841.60
1129.66
1490.34
1054.69
1916.85
1533.80
1921.15
1642.59
1700.28
1786.18
843.32
1644.65
765.83
1381.21
1053.68
1202.15
1091.60
2011.97
1827.51
1529.72
1197.37
1000.55
1560.73
2068.95
1836.49
529.70
1229.43
1064.48
1584.39
1521.06
1561.99
1733.23
1405.94
205.56
1556.81
1798.39
1373.20
1630.52
976.30
1845.73
1810.58
1154.62
505.79
2149.93
1182.72
1782.80
1723.81
1304.31
2048.66
1212.36
1684.77
1791.24
486.08
1333.30
236.37
1688.88
790.84
797.08
1811.20
1828.42
872.62
1405.83
1608.77
2013.77
1731.99
240.77
1578.01
1084.65
1851.81
1248.24
2023.97
1891.72
1886.00
1440.73
1747.87
1194.37
1470.93
623.34
1754.80
1530.62
837.68
1099.96
1729.55
1365.17
1836.84
314.81
1766.26
1724.32
1068.25
1155.63
755.52
1506.43
1171.22
1154.76
1288.70
1080.52
1527.71
1488.79
1092.97
1413.20
1517.19
1407.85
1534.83
1444.71
1845.88
1804.45
1064.54
1256.14
899.29
1586.41
883.64
633.11
1206.85
824.27
1888.93
1400.39
989.15
1742.73
1135.38
1738.44
1344.77
1179.68
1395.23
799.20
1284.05
1319.85
1449.45
1811.19
821.52
1331.03
1407.11
1832.61
486.61
1368.95
1411.40
887.96
1902.58
1820.42
1182.29
1428.52
1250.21
1675.60
1749.90
1369.76
1285.68
731.00
2003.03
1241.73
1894.74
1099.23
970.35
2000.87
1298.51
1509.02
1103.05
1467.34
1529.28
1226.26
1261.51
869.23
1373.05
1419.40
1405.56
1390.42
809.22
1348.00
1007.57
1364.89
1358.16
1622.00
1905.44
1676.53
1246.45
1965.83
938.13
1606.03
1168.93
1704.91
1177.16
1166.70
1605.77
1610.79
1718.23
853.17
1166.81
2000.82
1747.81
1778.73
1318.47
1892.58
1760.19
1960.04
1583.46
1513.01
1569.47
1797.61
1529.95
1180.32
1472.53
1373.77
1334.15
722.83
1078.25
1889.08
1299.99
1639.58
1936.93
1803.34
1506.64
839.51
1605.60
1878.26
391.62
1509.00
1403.24
1425.05
1622.59
1150.38
1442.06
722.41
592.50
1360.18
1754.34
2019.33
1884.78
1793.43
1392.49
1772.54
1766.35
1971.29
840.17
1772.13
481.15
956.06
1107.74
1483.15
986.62
1635.79
1181.03
1583.80
1605.23
1783.48
1107.88
1473.23
1719.87
1291.80
1636.88
1893.22
1652.86
879.33
1259.74
1700.63
1335.63
1384.03
869.76
853.64
1460.48
1808.74
961.28
834.38
1142.22
1724.92
1446.23
1364.48
937.71
1800.83
1566.48
1617.29
1690.83
1435.83
1237.70
705.36
1330.99
884.97
902.78
1687.76
2037.47
1319.48
2060.04
938.27
1277.47
1069.92
902.07
1011.09
1322.94
1577.95
1488.30
797.13
1449.02
1795.77
1430.93
1394.19
1700.73
1547.85
1760.26
1302.50
962.11
1449.54
1749.42
1214.85
1184.77
1586.50
1124.37
500.53
1711.24
1681.64
838.21
1091.55
1275.24
912.85
1599.25
1527.15
1052.22
1273.25
1648.62
1639.77
1626.52
1807.66
1441.38
1407.44
1759.34
1735.66
1675.47
1937.96
1765.01
1583.80
1671.05
1213.05
1453.74
1312.23
1155.47
1745.49
1305.92
1195.61
1761.28
742.35
1835.31
1298.49
1034.55
1035.00
1985.78
1530.62
1488.83
1502.51
1438.19
1574.98
953.55
1394.52
941.50
1418.85
1669.11
936.20
1352.30
1440.38
1021.19
1295.76
878.29
1552.82
1845.13
1032.82
1186.03
729.72
1649.39
524.54
1145.93
867.17
1459.77
1482.47
1968.53
2108.88
1402.16
1968.29
829.94
945.63
1864.07
1669.09
1383.48
1400.13
1534.46
1277.62
1941.01
1574.28
994.36
1974.69
2093.41
1956.08
1641.25
1599.82
864.56
1591.34
1192.72
1433.36
1472.49
952.36
479.30
2010.46
1407.76
829.71
1466.14
1629.23
1216.05
1619.47
1882.89
1014.19
832.42
1414.54
1766.69
708.89
679.24
548.47
1789.69
1685.13
1470.22
1917.99
1268.68
1952.88
1602.52
1442.32
1644.13
2020.40
1548.86
1369.40
1541.17
846.30
769.72
1503.65
1627.26
1603.65
1603.17
1004.20
1828.20
1851.65
1771.65
1902.24
1677.42
1704.02
1488.79
2143.72
1766.65
1150.69
776.41
693.37
1764.66
1008.06
1679.33
1694.77
1496.79
1079.14
1427.93
1351.87
1563.95
828.90
1295.63
1876.28
786.44
1684.12
1084.02
1646.41
1445.21
1203.29
806.76
1496.50
1475.08
1450.28
1521.60
1294.64
1694.64
1347.62
1492.58
1409.11
1869.57
1003.45
1797.43
1803.44
1621.93
505.91
704.25
1767.74
1064.42
839.27
1346.66
957.05
1703.11
1808.78
1551.56
1737.61
1752.64
1565.26
1938.45
1851.21
1204.96
1467.01
1485.04
1463.39
1059.99
1158.28
1524.35
1407.25
1319.21
1574.81
1670.09
1260.26
1557.20
1693.57
576.37
783.47
1821.87
1424.74
1424.10
1673.26
1592.60
1193.55
1048.86
1671.20
1365.69
963.36
1924.41
1445.56
1832.48
1508.71
1751.90
1111.23
1424.75
1541.72
1687.14
2163.70
1025.86
582.59
1375.75
1462.62
931.83
741.21
1783.76
1154.92
1803.27
1184.05
1705.82
1841.15
1729.31
962.41
1485.89
1688.53
1010.96
744.66
448.88
1198.37
1894.20
1667.77
675.67
1429.96
1454.59
1719.14
1564.14
1957.51
2040.56
1841.79
1474.94
2010.57
892.27
1137.59
460.08
1737.70
1473.93
1343.75
1521.68
1649.89
2084.88
1893.10
1724.62
1451.25
1462.54
1404.84
1646.88
1931.15
1943.94
1226.13
812.22
1648.20
1343.91
1270.74
1408.81
1427.46
1875.23
1023.56
990.11
1275.53
413.37
1548.67
1524.37
1582.92
1405.73
1163.32
1083.70
1344.16
1084.88
574.30
1582.35
795.69
1608.37
931.31
1845.02
922.23
1861.36
1807.12
1767.97
1509.03
1901.26
1291.18
1831.76
407.64
1324.02
2091.97
1024.71
1171.74
1420.09
1566.51
482.42
1425.29
1452.24
1282.00
1888.31
1906.72
280.42
1490.54
500.24
1634.30
1410.41
1672.81
1335.78
1738.56
1977.80
556.17
157.84
1184.25
1142.29
1203.68
1291.43
878.75
1731.46
858.51
1861.67
1478.73
787.28
749.84
1190.02
1720.53
1823.45
784.29
1622.49
1422.21
1087.62
600.06
750.86
1501.77
1292.74
1130.96
1395.16
902.52
1627.73
697.79
1234.00
1578.88
1634.27
2016.33
1516.17
1430.99
815.66
1694.20
726.59
1594.04
1107.24
1544.96
1362.59
1217.37
1507.14
1562.04
1517.48
1513.09
2001.00
1765.08
1833.33
863.74
1803.90
1368.52
1503.83
1964.18
1599.68
1607.80
700.06
1149.99
1306.09
1898.00
1450.47
1845.62
1641.13
848.64
1538.77
1637.48
1784.42
1104.33
1023.82
771.25
1410.60
2129.24
1021.37
1855.24
1569.01
1247.06
607.23
1666.30
813.28
1421.87
563.58
1045.64
1086.62
1207.82
1806.26
1945.23
876.27
1706.62
825.39
685.43
1412.02
1199.78
774.66
1484.93
1836.10
1168.62
1443.33
1113.99
1311.66
1493.82
1339.94
1093.18
1282.28
1340.02
376.41
666.82
1619.50
1224.01
1001.67
1008.11
1432.61
1126.95
922.41
1798.94
867.03
910.08
1440.67
1640.98
1537.40
1142.55
1622.80
1664.79
1709.64
1504.31
1911.63
1433.73
1595.94
1791.61
1073.19
1764.45
1471.74
1784.25
1421.30
1208.27
1706.99
1385.01
1827.54
2021.26
1961.37
1898.26
1655.12
1300.24
1608.73
1727.98
1294.47
1394.24
1040.35
1605.45
1983.92
1852.13
1972.02
1409.92
838.05
1439.12
1700.32
1478.17
1896.67
551.91
1448.79
453.58
1385.50
1965.04
1498.93
1317.39
995.64
840.22
1671.74
1379.08
1263.98
1430.36
1286.14
1898.64
1656.11
674.65
1238.82
1778.57
1289.74
1279.92
1540.10
1559.65
991.76
705.18
511.46
1762.66
899.26
1737.43
1881.82
1643.40
1279.02
1965.77
827.99
1335.22
1478.59
1326.25
1336.78
618.59
1913.96
1657.43
1413.00
464.94
1180.39
1561.10
1509.20
1045.04
1938.42
852.62
739.29
1380.38
1205.43
1822.77
1168.61
1140.58
1973.13
2003.18
1797.53
1325.04
1134.21
571.55
1765.35
1459.98
1695.19
353.08
1731.32
1737.23
1735.33
1543.23
1814.74
985.57
756.31
1727.92
1682.83
1531.36
1346.34
1151.21
1401.48
1112.91
818.99
1905.88
1074.11
1308.08
1432.84
1062.88
1142.42
1577.07
1916.51
1308.43
598.67
1446.65
966.12
1547.97
1532.29
1289.04
1665.56
1486.37
1574.05
1986.45
1612.54
1065.68
1606.90
2122.92
1249.74
1479.38
1594.39
1127.81
1258.70
1564.43
1105.69
1568.66
848.75
1437.01
1051.70
1268.69
1524.85
721.60
1373.46
1985.74
873.03
2130.04
979.46
1175.84
1001.78
1514.08
1779.29
1329.33
1519.53
1287.61
1063.03
798.69
1856.29
1099.03
1930.24
1751.17
1773.32
992.91
1483.37
1411.41
1892.64
1161.58
1332.32
1657.11
826.59
1876.06
1887.67
1854.48
1863.09
1734.93
1072.01
1709.05
308.92
1375.32
1110.72
1357.18
770.80
2084.30
1332.53
1406.46
957.44
1911.54
964.45
157.56
915.78
1043.11
1939.62
2018.86
1788.21
1615.78
1926.42
1221.16
1691.07
997.40
1242.63
1470.15
928.89
850.17
1784.69
1227.13
707.43
1342.25
1779.14
1520.49
1687.34
1853.57
1235.65
1973.40
1640.95
1480.91
1669.69
1380.97
1314.11
752.20
1059.46
558.37
1626.50
1653.10
1736.59
1514.17
1188.01
1328.41
1337.86
605.75
1883.74
1712.16
1488.93
1838.86
1617.46
1399.91
2004.09
830.06
1065.70
901.14
1676.75
1424.36
1044.81
1179.99
1858.36
1795.13
1649.76
1345.26
854.16
2016.43
858.33
1435.09
1471.69
1156.61
1438.78
1297.25
1446.65
1135.43
931.88
2016.64
1569.86
765.92
1813.90
1395.83
1708.36
616.73
1848.17
1467.78
524.41
1149.10
1476.70
249.32
1418.43
1282.91
1370.17
1716.71
1346.23
1240.11
1835.94
2168.10
645.66
1619.19
656.81
1490.85
1420.02
1167.50
2006.80
1753.37
1809.96
1374.89
1526.34
1932.04
1155.49
1787.17
1402.15
1356.45
1256.92
1715.78
434.81
993.00
982.15
907.05
1762.42
764.59
1029.98
1935.05
1446.41
1186.97
364.69
1253.17
1136.03
942.26
1168.38
745.09
1567.98
1621.94
1865.77
1477.35
1735.02
923.46
1680.53
1606.46
1615.19
1525.63
2108.60
1215.08
1497.95
1419.71
1322.09
2015.90
1881.59
1523.85
1047.81
1709.88
779.63
1472.01
877.68
1832.26
1468.65
1225.78
1636.66
1625.92
2033.36
1566.64
185.12
1596.38
1758.47
1341.38
1084.01
1402.23
1513.60
1259.74
904.46
1901.58
1648.39
1592.72
1952.50
2029.20
1665.33
1349.03
1576.04
1464.06
1387.10
254.17
1517.15
1808.75
1244.46
1200.31
1708.00
673.40
489.90
741.95
1853.19
1314.66
